%a01.m
%创建一M文件输入矩阵的示例
exm=[1 2 3 70 80 90;
    400 500 600 9 8 7;
    21 32 43 54 65 76;
    789 678 567 456 345 0;
    12 34 45 67 89 90];